a=[7.0711 6.4031 5.8310 5.3852 5.0990 5 5.0990 5.3852 5.8310 6.4031 7.0711
    6.4031 5.6569 5 4.4721 4.1231 4 4.1231 4.4721 5 5.6569 6.4031
    5.8310 5 4.2426 3.6056 3.1623 3 3.1623 3.6056 4.2426 5 5.8310
    5.3852 4.4721 3.6056 2.8284 2.2361 2 2.2361 2.8284 3.6056 4.4721 5.3852
    5.0990 4.1231 3.1623 2.2361 1.4142 1 1.4142 2.2361 3.1623 4.1231 5.0990
    5 4 3 2 1 0 1 2 3 4 5
    5.0990 4.1231 3.1623 2.2361 1.4142 1 1.4142 2.2361 3.1623 4.1231 5.0990
    5.3852 4.4721 3.6056 2.8284 2.2361 2 2.2361 2.8284 3.6056 4.4721 5.3852
    5.8310 5 4.2426 3.6056 3.1623 3 3.1623 3.6056 4.2426 5 5.8310
    6.4031 5.6569 5 4.4721 4.1231 4 4.1231 4.4721 5 5.6569 6.4031
    7.0711 6.4031 5.8310 5.3852 5.0990 5 5.0990 5.3852 5.8310 6.4031 7.0711]
b=a/7.0711
b= [1.0000    0.9055    0.8246    0.7616    0.7211    0.7071    0.7211    0.7616    0.8246    0.9055    1.0000
    0.9055    0.8000    0.7071    0.6324    0.5831    0.5657    0.5831    0.6324    0.7071    0.8000    0.9055
    0.8246    0.7071    0.6000    0.5099    0.4472    0.4243    0.4472    0.5099    0.6000    0.7071    0.8246
    0.7616    0.6324    0.5099    0.4000    0.3162    0.2828    0.3162    0.4000    0.5099    0.6324    0.7616
    0.7211    0.5831    0.4472    0.3162    0.2000    0.1414    0.2000    0.3162    0.4472    0.5831    0.7211
    0.7071    0.5657    0.4243    0.2828    0.1414         0    0.1414    0.2828    0.4243    0.5657    0.7071
    0.7211    0.5831    0.4472    0.3162    0.2000    0.1414    0.2000    0.3162    0.4472    0.5831    0.7211
    0.7616    0.6324    0.5099    0.4000    0.3162    0.2828    0.3162    0.4000    0.5099    0.6324    0.7616
    0.8246    0.7071    0.6000    0.5099    0.4472    0.4243    0.4472    0.5099    0.6000    0.7071    0.8246
    0.9055    0.8000    0.7071    0.6324    0.5831    0.5657    0.5831    0.6324    0.7071    0.8000    0.9055
    1.0000    0.9055    0.8246    0.7616    0.7211    0.7071    0.7211    0.7616    0.8246    0.9055    1.0000]
