tic
% 参数设置
I1=imread('E:\论文\PCNN\图片\10.3.jpg');
%---------------------------------otsu
otsu=113/255
%---------------------------------
%for j=1:16
tic;
%str1=[Ifile1,num2str(k(j)),'.tif'];
%imm=imread(I1); 
imm=I1;
Ymulzong=[];                                              % 神经元点火的总数  人眼视觉特性  侧抑制
Iquan1=[];                                                % 量化图像的原始数值
Iquansim1=[];                                             % 量化图像的化简数值
Valuesep11=[];                                            % 化简数值与原始数值的对应矩阵（其中化简数值用行坐标表示，原始数值用行坐标对应的矩阵值表示）
Iimm=imm(:,:,1);                           %（关键点）宽、长
[m,n]=size(Iimm);
I1=double(Iimm);
I1=(I1-min(min(I1)))./(max(max(I1))-min(min(I1)));    % 采用特殊方法对图像进行归一化
minI1=min(min(I1));
maxI1=max(max(I1));
I2=(I1+1/255)/(maxI1+1/255);
minI2=min(min(I2));
%%%%%%%%%%%%%%%%%%%%%%%%%%%%%%%%%%%%%%%%%%%%%%%%%%%%%%%%%%%%%%%%%%%%%%%%%%%
%%%%%%%%%%%%%%%%%%%%%%%%%%%%%%%%%%%%%%%%%%%%%%%%%%%%%%%%%%%%%%%%%%%%%%%%%%%
% FCMSPCNN参数设置
t=30;                                   %(改改改） % 设定参数th2（alpha）(第一次设置预定迭代次数的位置）
% th1=(1/(1-t))*log(min(min(I2)));        % 设定参数th2（alpha）(第二次设置预定迭代次数的位置）
th1=log(1/otsu) ;   %创新改的东西 阿尔法
% th1=5
th2=exp(-th1*2);%创新改的东西 贝塔
% th2=exp(-th1)
% th21=exp(-th1);%创新改的东西 阿尔法
% ve=(((1-exp(-th1*3)))./(1-th2))*th2;    % 设定参数th2（alpha）(第三次设置预定迭代次数的位置）
ve=exp(-th1)+exp(-th1*2);    % 创新改的东西V
% B=th2^2/4;%贝塔
% B=th2/4;%贝塔
B=(1-otsu)/(4*otsu)
P=exp(-th1*3)+exp(-th1*4)
% W=[0.3162    0.4000    0.5099    0.6324    0.7616
%    0.3162    0.2000    0.1414    0.2000    0.3162    
%    0.2828    0.1414         0    0.1414    0.2828    
%    0.3162    0.2000    0.1414    0.2000    0.3162    
%    0.4000    0.3162    0.2828    0.3162    0.4000];
% W=[0.4000    0.3162    0.2828    0.3162    0.4000    
%     0.3162    0.2000    0.1414    0.2000    0.3162    
%     0.2828    0.1414         0    0.1414    0.2828    
%     0.3162    0.2000    0.1414    0.2000    0.3162    
%     0.4000    0.3162    0.2828    0.3162    0.4000]
% W=W/10
W=[0.00296 0.01331 0.02194 0.01331 0.00296
    0.01331 0.05963 0.09832 0.05963 0.01331
    0.02194 0.09832 0.16210 0.09832 0.02194
    0.01331 0.05963 0.09832 0.05963 0.01331
    0.00296 0.01331 0.02194 0.01331 0.00296]
% W=[0 1 0
%     1 0 1
%     0 1 0]
%^^^^^^^^^^^^^^^^^^
M=W;     Y=zeros(m,n);     F=Y;      L=Y;       U=Y;      E=Y;                                                                   
Yzong=0;
Ymul=zeros(m,n);
%%%%%%%%%%%%%%%%%%%%%%%%%%%%%%%%%%%%%%%%%%%%%%%%%%%%%%%%%%%%%%%%%%%%%%%%%%%
%%%%%%%%%%%%%%%%%%%%%%%%%%%%%%%%%%%%%%%%%%%%%%%%%%%%%%%%%%%%%%%%%%%%%%%%%%%
% FCMSPCNN模型实现
for i=1:t
   K=conv2(Y,M,'same');
   F=I2;
   if (i==2)
       for i1=1:m
           for j1=1:n
               if (i1==1 || i1==m || j1==1 || j1==n)
                   U(i1,j1)=U(i1,j1)*th2+F(i1,j1).*(1+1.33*B*K(i1,j1));
                   if(i1==1 && j1==1 || i1==1 && j1==n || i1==m && j1==1 || i1==m && j1==n)       % 第二次迭代参数Wijkl的设置方法
                       U(i1,j1)=U(i1,j1)*th2+F(i1,j1).*(1+2*B*K(i1,j1));
                   end
               else
                   U(i1,j1)=U(i1,j1)*th2+F(i1,j1).*(1+B*K(i1,j1));  
               end
           end
       end
   else
%         U=U*th2+F.*(1+B*K);%内部活动xian 调
        U=U*exp(-th1*2)+F.*(exp(-th1)+K);%创新的东西 U
   end
   Y=double(U>E);
%    E=th2*E+ve*Y*((th2^(-t)/(1-th2))^(sqrt(log2(i))));    % (第四次设置预定迭代次数的位置）动态阈值 不断变化 调
   E=exp(-th1)*E+ve*Y+P
   UUU{1,i}=U;                                           % 保存内部活动项的所有信息
   EEE{1,i}=E;                                           % 保存动态阈值的所有信息
   YYY{1,i}=Y;                                           % 保存每次迭代神经元点火的所有信息
 
   %if(i>1)
   %Yzong=Yzong+sum(sum(YYY{1,i}));
   %Yfire(j,k)=Yzong;                                     % 记录神经元在每个通道内的点火总数
end
%   G=imfill(YYY{1,30});
  G=(YYY{1,3});
%   figure,imshow(G),title('pcnn分割');                            %(改改改）
%   imwrite(G,'E:\论文\PCNN\图片\对比\2\1.4.jpg');
  I_reverse = imcomplement(G);
%   figure, imshow(I_reverse);
%   imwrite(I_reverse,'E:\论文\PCNN\图片\对比\2\1.4.jpg')
%   figure,imshow(255-YYY{1,7},[]);
 
  %rectangle('position',[150,150,30,30],'edgecolor','b');
 
% imwrite(255-G,'D:\weizhishibie\青海湖\z+zj.png');
toc
